4.187286132953363704e+05 2.080973666726264637e+05
4.476358636426913436e+05 1.687620329903837119e+05
3.868011266163025284e+05 4.230676746356031508e+05
3.720372063585653086e+05 5.529344857200295664e+05
4.205859699228312238e+05 2.030009799823132053e+05
3.833459790391494753e+05 5.714235284937559627e+05
4.486875790904187597e+05 1.667671880914987123e+05
3.690784983102445840e+05 5.982013524146927521e+05
4.187724181096284883e+05 2.094893636187005613e+05
4.502183150564844836e+05 1.665029364184752048e+05
4.114988325786935166e+05 2.525933415535714303e+05
4.203280880420366884e+05 2.042667747691991099e+05
3.793647497311860207e+05 6.014321459491401911e+05
4.754726027778418502e+05 1.556627813067592215e+05
3.876075080204511760e+05 5.484305877873655409e+05
4.050368631501467316e+05 3.216940853783239145e+05
4.482107194681646652e+05 2.519255537583776168e+05
4.147970418459041975e+05 2.244930621313655865e+05
4.278670681180555257e+05 1.983738302918155678e+05
4.364443538942656596e+05 1.907207913621414336e+05
4.197829470669041038e+05 2.070134107134214428e+05
