4.192403903568111127e+05 2.046571179911290528e+05
4.061896376203987165e+05 3.012612784470145125e+05
4.488797774894992472e+05 1.667434499924991687e+05
4.393651682455450064e+05 1.699616253644013195e+05
4.431115036830474273e+05 1.703318026531998476e+05
4.480877165826908313e+05 1.669447046117617574e+05
4.058232956515784608e+05 4.471874067983464338e+05
4.237194045904714731e+05 2.032447349241048214e+05
4.164083663198722061e+05 2.133949291267647932e+05
4.541425805574182305e+05 1.768233465893355606e+05
3.921278806643498247e+05 5.012862042056805803e+05
4.290242420508958749e+05 1.873236505974355678e+05
4.444096174018028541e+05 1.680620772772123164e+05
4.201557483114429633e+05 2.031281511664584687e+05
4.265409213402564637e+05 1.951626115723093390e+05
4.266434332266361453e+05 2.007085581802580855e+05
3.954878364536419977e+05 4.826563578281329246e+05
4.505013388567241491e+05 1.663205496971240500e+05
3.865670553021727246e+05 6.140219300439847866e+05
3.922107518212663126e+05 3.769430918843456893e+05
4.129920776737474953e+05 2.279459157761095848e+05
4.072799579298849567e+05 3.062132874073458952e+05
3.954897029056519386e+05 5.555791785437376238e+05
4.175475004586346913e+05 2.296264936952136632e+05
