3.792354635152784758e+05 5.097767601585134398e+05
4.404354567837722716e+05 1.693318741211122251e+05
4.192453700028453604e+05 2.044384211889964645e+05
4.194868850540415151e+05 1.907641880133704399e+05
4.040007377581904293e+05 2.814929980540631223e+05
4.481234090655560722e+05 1.682645633701340994e+05
4.457461732152252225e+05 1.706418118722920190e+05
4.672434991056303261e+05 1.458884801150932908e+05
4.261954129838799709e+05 2.025079603650440695e+05
4.117074459315568092e+05 2.851179352374623413e+05
3.702471584006285993e+05 5.067634309878502972e+05
4.114738438962456421e+05 2.319670787194654404e+05
4.124825206441065529e+05 2.530654679000996985e+05
4.219354300643611350e+05 2.058966604992842767e+05
4.718673518245898886e+05 1.442087754594631260e+05
4.202000114321807050e+05 2.042240592588309955e+05
4.361104134521453525e+05 1.853555304943483206e+05
4.178312671485249884e+05 2.134470771399526275e+05
4.136548103328344296e+05 2.443744726684129855e+05
4.479496021224485594e+05 1.683747147730724828e+05
