4.038704394665243453e+05 3.254796090169204399e+05
4.384023094964826014e+05 1.704101373777956178e+05
4.227473791934141773e+05 2.019566943216493528e+05
4.726711573044719407e+05 1.526642327861569647e+05
3.656689515210274258e+05 5.410959884082216304e+05
4.097243642197845620e+05 2.866908490074708243e+05
4.428598733772853157e+05 1.683197047263020067e+05
3.879654970659640967e+05 4.592327684269704041e+05
3.639429175048635807e+05 6.420361781079845969e+05
3.978991764329207363e+05 3.092139079020372592e+05
4.112375417942854692e+05 2.366054358795325970e+05
4.445632795583574916e+05 1.679574466513588559e+05
4.321769337611843948e+05 1.913398743891675549e+05
4.214146364564096439e+05 2.040822405100196484e+05
4.490467720877525280e+05 1.637430956248166622e+05
4.069996864835263113e+05 2.936562228657257510e+05
4.505013388567241491e+05 1.663205496971240500e+05
4.177902074616893660e+05 2.421387702425702591e+05
