4.038286202097166097e+05 4.581152428523711860e+05
4.177592018345517572e+05 2.085202925997643324e+05
4.315215177481730352e+05 1.903667551496397937e+05
4.186322381865388015e+05 2.078833162468934024e+05
4.283961793047357933e+05 2.408298869305501867e+05
4.790108910690721241e+05 1.481257768590624619e+05
4.297262122974283993e+05 1.911011259740520618e+05
4.203844998079692014e+05 2.046795709838596231e+05
4.501269386783697992e+05 1.663940471159373119e+05
4.536459468897384359e+05 1.678649053967622749e+05
4.057533933397704386e+05 2.966786977324433974e+05
3.749569748682462960e+05 6.455823924811931793e+05
4.161206866616655025e+05 2.169760502969342342e+05
4.425146875006006449e+05 1.687434624362287577e+05
3.776088673979721498e+05 5.882528710932669928e+05
4.071202367852156749e+05 2.742442443178077810e+05
4.528827805792014115e+05 1.582476014820589626e+05
4.048168477431117208e+05 2.875977244653527159e+05
4.228521025983814616e+05 1.980411489108665555e+05
4.318197390278663952e+05 1.942447729961480945e+05
4.001126189313606010e+05 3.340767856792183011e+05
4.018332777792352717e+05 3.331945526169557706e+05
4.505013388567241491e+05 1.663205496971240500e+05
3.885276404170799651e+05 5.166227187350227032e+05
