3.861062893693536753e+05 5.212295559922970133e+05
4.189628361163802911e+05 2.071276393773365417e+05
4.446481257470094715e+05 1.708094147369466082e+05
4.661430968507579528e+05 1.398942705444459571e+05
4.443924534419316333e+05 1.761072060125202406e+05
4.186505434147210908e+05 2.073797230371337209e+05
4.057679609289559885e+05 2.826153922015802236e+05
4.484601871585661429e+05 1.670577297663888312e+05
3.998938911984131555e+05 3.559479515286352835e+05
4.278842451411983347e+05 1.963456670941325719e+05
3.709066640298129059e+05 6.585025577838919125e+05
4.202283830985918175e+05 2.031497509134472930e+05
4.389729927491146373e+05 1.700107402435612748e+05
4.192323677777881385e+05 2.109420687599825324e+05
4.161148274444586714e+05 2.276620700958491070e+05
4.202000114321807050e+05 2.042240592588309955e+05
3.888716371154301451e+05 5.295594779198421165e+05
4.505013388567241491e+05 1.663205496971240500e+05
4.157346353980553104e+05 2.220007193959249416e+05
3.986441237180380849e+05 3.136755789208763745e+05
4.329795196532372502e+05 1.927240422305829125e+05
