3.948134421662224922e+05 4.200485156581678893e+05
4.107075276070056716e+05 2.757633731160176103e+05
4.092253522253662231e+05 2.550560307377116114e+05
4.703255972063521040e+05 1.446693510228482774e+05
4.977083848390925559e+05 1.513775948760336032e+05
4.188091634651764762e+05 2.050652387029566453e+05
4.230039232817320735e+05 1.985398051465135068e+05
4.505013388567241491e+05 1.663205496971240500e+05
4.647537661835839390e+05 1.477998469589968445e+05
4.202772659407849424e+05 2.043603328987874847e+05
4.152344186513875611e+05 2.237394744571753836e+05
4.604441922727561905e+05 1.543039367124511045e+05
4.074241032178654568e+05 2.997084232283373713e+05
3.797038452352661989e+05 5.961468155922602164e+05
3.949274640586456517e+05 3.658878351346059935e+05
4.236142545093253721e+05 1.691334554029556748e+05
3.807327655199379078e+05 4.441175623781151371e+05
4.241479064163591247e+05 1.976715932691318449e+05
4.197128764403167879e+05 2.071192377423735452e+05
