4.474362821293264860e+05 1.675159854051936418e+05
4.112643745247006300e+05 2.499567820788147801e+05
4.146030795730510727e+05 2.336893078141285514e+05
4.030526212839299114e+05 2.973962306050118059e+05
4.069734037963246810e+05 2.654218749061516719e+05
3.960396224073133781e+05 3.187035663110623718e+05
3.771377618797459290e+05 4.454469012180532445e+05
4.184150424592643394e+05 2.043772001074460568e+05
3.837452245122204768e+05 6.034492867931820219e+05
4.379622335399269941e+05 1.698528217772111821e+05
4.264552028214758029e+05 2.323525640655906172e+05
3.718542144791048486e+05 5.353294368116597179e+05
3.638355269051952055e+05 6.377833115904533770e+05
4.502011815310493694e+05 1.665029364184752048e+05
4.481617568770705839e+05 1.681994227422658587e+05
4.211551809629311319e+05 1.898695590134995582e+05
4.292007595219821669e+05 1.910996699183046585e+05
4.430671491291772109e+05 1.681843237583716400e+05
