3.915523261671023211e+05 4.034050135905177449e+05
4.071724556415458792e+05 3.015982660569750587e+05
4.008754633022404159e+05 4.631281498944836785e+05
3.930714353553997353e+05 5.055509526580006932e+05
3.783158191125900485e+05 5.964086536263544112e+05
4.436850384153643972e+05 1.696423813257031434e+05
4.424232820562675479e+05 1.746166884027167689e+05
4.472939837756624911e+05 1.687129271532420535e+05
4.346093717093840824e+05 1.775063876918301685e+05
4.375512019769699546e+05 1.816857353575711604e+05
3.979231543427918805e+05 2.722970068434294080e+05
4.037059884121660725e+05 2.629958341739750467e+05
3.974228214692956535e+05 3.146877454632788431e+05
4.505013388567241491e+05 1.663205496971240500e+05
3.710090470257416018e+05 5.889611550187130924e+05
4.227053580871985178e+05 1.728758923000355135e+05
4.030468763633246999e+05 2.853967712459947215e+05
4.491475771283198264e+05 1.694957925222263730e+05
3.714753530132037704e+05 6.340231175613697851e+05
4.849814393095807754e+05 1.596943927712857258e+05
