4.380523780214866856e+05 8.165489760216635477e+04
3.941070490806368762e+05 1.765719295796936203e+05
4.120554543883882579e+05 1.376716955589647114e+05
3.917934134727138444e+05 1.892435700396196044e+05
3.903691802468037931e+05 1.908628329620739678e+05
3.970054578743606689e+05 1.524375005950256018e+05
3.894188635713527910e+05 3.138780723508372903e+05
3.996534873386256513e+05 1.508836521316773433e+05
3.848824662848241278e+05 3.720631805603600806e+05
4.264830075001511141e+05 8.773188834366931405e+04
4.130423250896660611e+05 1.294944639966278046e+05
3.704243454884933890e+05 3.851510064522193861e+05
3.624860633104010485e+05 4.378016236079445807e+05
4.413791166228968068e+05 8.029368318281830580e+04
4.391430057599205757e+05 8.135783343299392436e+04
4.012071295429560705e+05 1.381405347734803800e+05
4.191363824836785789e+05 1.104235044228862098e+05
4.329064717679165187e+05 8.381423377955296019e+04
3.787716838268829160e+05 3.666212729402736877e+05
4.028842499709025724e+05 1.540340327235617442e+05
4.350619035599592607e+05 8.550003368310541555e+04
4.432915710234730504e+05 7.836272502205841010e+04
4.235568105309544480e+05 1.299283346296833479e+05
4.016174044569370453e+05 1.546669138676484290e+05
3.970432444073232473e+05 1.621327333933753835e+05
4.395620588138073799e+05 8.093616067931584257e+04
3.884900689623113722e+05 2.356410703598091495e+05
4.113586460272943368e+05 1.442753958970931999e+05
3.738681155097699375e+05 4.655350500539616332e+05
4.029347528037626762e+05 1.507467425067816803e+05
4.271716264207321801e+05 9.116832364891581528e+04
4.014754433472184464e+05 1.565811006116698554e+05
3.991926090812950861e+05 1.591705454281077255e+05
4.028905484443868045e+05 1.518554712136427697e+05
3.847119858565290924e+05 3.343978732325460296e+05
4.416807589603942470e+05 8.002519571655527398e+04
3.995097236332037719e+05 1.585964471821644111e+05
3.903725759108453058e+05 1.662925361495661200e+05
4.128700797114901943e+05 1.420384042122998799e+05
3.874889932249567355e+05 2.917036420314108836e+05
4.023612353374939994e+05 1.527307663067226531e+05
3.950711721264073276e+05 1.711392769845399016e+05
4.434953256406542496e+05 7.857752448422354064e+04
4.429797744706220692e+05 7.948242196223128121e+04
4.008240501759207691e+05 1.532035529022574192e+05
4.046612265620296239e+05 1.459866839240571717e+05
4.416807589603942470e+05 8.002519571655527398e+04
4.393873494010716095e+05 8.013510118702283944e+04
4.028701267324161017e+05 1.518513248249465541e+05
3.992559022108700592e+05 1.634441041271797149e+05
4.434423161433297209e+05 7.900843656566661957e+04
3.924453268559394055e+05 1.913416937267394678e+05
3.668275020768634859e+05 4.402953903401986463e+05
3.887059577042227611e+05 2.386362552605930541e+05
4.056655275533440872e+05 1.156109791577314754e+05
3.753262665208922117e+05 3.287756997212000424e+05
4.052215076159876189e+05 1.428471950835534662e+05
4.003570526379279909e+05 1.546066699390162248e+05
3.761035233977747266e+05 3.244586577246969682e+05
4.299611352801048197e+05 8.557289718120142061e+04
4.008911673987002578e+05 1.522989606908066198e+05
4.099119692695717677e+05 1.215086309681138373e+05
3.932168993148176814e+05 1.912465692149322131e+05
4.394685435939102317e+05 8.189451794153584342e+04
4.366679874812447815e+05 8.497517601508855296e+04
4.401157401991183870e+05 7.976030057713098358e+04
4.072065598436361179e+05 1.489666558139047411e+05
3.925769439049906796e+05 2.248429943007999682e+05
3.805834019348026486e+05 2.979335444944312330e+05
3.951261640458200127e+05 1.729594315126440488e+05
3.979040370084894821e+05 1.587694937979961978e+05
4.032310689736032509e+05 1.511296381496237882e+05
4.455978332680020831e+05 7.851906773994700052e+04
4.028905484443868045e+05 1.518554712136427697e+05
4.265078868385335081e+05 1.004086619617155957e+05
4.007735836339768139e+05 1.563474364271539962e+05
3.961907175599819166e+05 1.720384779129849630e+05
4.391339612521932577e+05 8.227649359864587313e+04
3.804346756779195857e+05 2.705048171779020922e+05
4.272274471405677614e+05 8.697742536795245542e+04
4.042942094031445449e+05 1.492494919664485496e+05
4.434628908079253160e+05 7.817215135011728853e+04
3.727334833905806299e+05 3.594919696681494825e+05
3.960468357211922412e+05 1.706992139591634332e+05
4.326494694928060053e+05 8.394531433007019223e+04
3.723164427772572380e+05 3.605563312007829663e+05
3.672937868704028078e+05 4.240511710722019197e+05
3.970479848745379131e+05 1.501154844734817452e+05
3.968364994295701617e+05 1.662925041586231964e+05
4.346220171769347508e+05 8.282713232917941059e+04
4.154271988737275824e+05 1.389937111911094980e+05
4.034734994274752680e+05 1.499236698281782737e+05
4.387202166705093114e+05 8.109536412786378060e+04
3.911904507903986378e+05 1.963418153641523095e+05
4.416807589603942470e+05 8.002519571655527398e+04
3.952902148830596125e+05 1.886542797558611492e+05
4.013389876433958998e+05 1.521859049150855863e+05
3.925489604019045946e+05 1.904284500246694661e+05
4.398863195366740110e+05 8.068596418795785576e+04
4.280339927348687197e+05 8.802153998115970171e+04
4.333297292473673006e+05 8.567995170176550164e+04
4.388242593079921789e+05 8.113963008284008538e+04
3.824437225349332439e+05 3.582263038322461070e+05
4.057730231180952978e+05 1.507939795344590966e+05
3.983772815697373007e+05 1.595993205507437815e+05
4.250183989653210156e+05 1.233820158716995211e+05
3.772913426681571291e+05 3.653317951930786367e+05
4.121884014565540128e+05 1.373371531938903790e+05
4.344495606770316954e+05 8.301208367875705881e+04
4.028460820018951781e+05 1.509598917193861271e+05
4.079741268106075586e+05 1.425555999856870912e+05
4.072093621134216664e+05 1.470937517908614245e+05
3.845704921113211312e+05 3.582114953959737322e+05
4.416807589603942470e+05 8.002519571655527398e+04
3.848604434840939939e+05 3.573062713861184893e+05
3.856410863760184147e+05 2.013649947378249781e+05
3.967598579633869813e+05 1.644284169810088060e+05
3.920991030772923259e+05 1.929057227893795061e+05
3.771251064837701269e+05 4.046749275394005235e+05
3.941612596863325452e+05 1.742350704749140132e+05
3.833780349944884074e+05 3.686411952016868745e+05
4.004425278154989355e+05 1.570271801722524397e+05
4.216249870433396427e+05 1.300077771776585432e+05
4.015403126283842139e+05 1.530366165766824270e+05
3.952915202675929177e+05 1.631939164979082707e+05
4.430582645999189699e+05 7.778251001691159036e+04
4.109234213997692568e+05 1.428862585973779205e+05
4.016579965059857350e+05 1.520227553024846420e+05
4.409709566443075892e+05 8.040157501165836584e+04
4.391715045578796999e+05 8.185494515721741482e+04
3.905205659095079172e+05 1.924213599498276308e+05
3.653402030571088544e+05 4.427507115694273380e+05
3.996333481365119223e+05 1.582032911401311576e+05
4.323275249391830293e+05 8.387253356030030409e+04
3.691353138411961263e+05 4.361890004796797293e+05
3.941229547355865361e+05 1.747304301830423938e+05
4.322601200651762192e+05 1.194115253440709057e+05
3.921059494145488134e+05 1.796329586879151466e+05
4.019241731697305804e+05 1.500589508378644532e+05
4.108709363422627794e+05 1.437174344681801740e+05
3.898965529927341267e+05 2.175958443160057941e+05
3.875706760739621241e+05 2.363958652429158974e+05
4.416807589603942470e+05 8.002519571655527398e+04
3.774513793720835238e+05 4.120302333095923532e+05
3.875408278173126164e+05 2.367311606396516145e+05
3.915312374878634582e+05 1.926699415172327717e+05
3.843042032117397757e+05 3.538298054845596198e+05
3.808432888574341196e+05 4.043371413025410147e+05
3.707823926315047429e+05 4.254032099791882210e+05
4.339715851041889400e+05 8.459380966619524406e+04
4.313114312689796789e+05 9.472993746611069946e+04
4.383189317885683849e+05 8.259336730777181219e+04
4.239973990002174396e+05 1.067822106534921768e+05
4.282974596787581686e+05 9.656602480911281600e+04
3.969261819226022926e+05 1.526812588706606184e+05
3.917773926440639771e+05 1.875431508547223057e+05
3.987525583756960696e+05 1.488798870636221254e+05
4.416807589603942470e+05 8.002519571655527398e+04
3.651406634916803450e+05 4.362921226824102341e+05
4.045182377307641436e+05 1.190620586322231684e+05
3.925746258498193929e+05 1.765348887389732990e+05
4.360914077846357250e+05 8.296441895417790511e+04
3.645229155305385357e+05 4.478950597323953407e+05
4.458439253232339979e+05 7.795712686703605868e+04
4.019928441252483753e+05 1.553961733567873307e+05
4.385246360512791434e+05 8.282501190412323922e+04
3.892554445806188160e+05 2.631421364227927988e+05
3.715827174390763394e+05 4.078114169379867963e+05
4.028021754918173538e+05 1.505877540000957088e+05
3.780732633966854191e+05 3.885234951569334953e+05
4.395069675214691670e+05 8.090828930258909531e+04
3.704121206751660793e+05 4.080951652407058282e+05
4.015175733962607337e+05 1.578877192043008108e+05
4.413967068346056622e+05 8.029368318281830580e+04
3.950372388137289672e+05 1.693433509616589872e+05
4.024954601586672361e+05 1.521641904000316572e+05
3.680612636893047602e+05 4.507961481637228280e+05
4.451240499576714938e+05 7.806390604270456242e+04
3.891579674027276342e+05 3.332039818374824245e+05
3.920583559378542705e+05 2.063503821690710029e+05
4.373372995334237930e+05 8.648414121293042263e+04
3.983197632411578088e+05 1.638881124429972260e+05
4.074915398479023133e+05 1.473616393840475648e+05
4.167479127340964042e+05 1.408108257405824261e+05
4.022042495351316757e+05 1.542353434240786301e+05
