7.449917343
6.866776848
7.178181806
7.09289255
6.767603294
7.376528913
7.251570236
6.902479327
6.402644617
6.714049575
6.553388419
6.604958667
7.09289255
7.150413211
6.654545443
6.680330567
6.63074379
6.636694204
6.640661146
6.559338832
6.714049575
6.612892551
7.098842963
7.362644616
7.134545443
7.201983459
7.267438004
7.178181806
6.579173543
6.739834699
7.128595029
7.11074379
7.346776847
7.42611569
7.313057839
7.005619823
7.864462797
7.87041321
7.539173541
8.876033043
8.580495853
8.01917354
7.344793376
7.188099161
7.707768582
7.850578499
7.199999988
7.328925607
6.880661145
7.152396682
7.374545442
6.531570237
6.230082634
5.276033049
4.976528917
5.615206602
6.31537189
5.252231396
6.2598347
6.168595031
6.513718997
6.894545443
5.92661156
6.573223129
6.364958667
5.720330569
5.210578504
6.247933874
5.575537181
5.726280982
6.458181807
5.920661147
5.365289247
6.047603296
6.122975196
5.781818172
5.968264453
6.105123957
4.661157017
5.228429743
5.438677677
5.583471065
5.22247933
5.621157015
5.252231396
3.905454539
4.823801645
5.105454537
5.105454537
4.952727264
4.94479338
4.780165281
4.040330572
4.895206603
5.545785115
5.670743792
5.139173545
5.065785115
4.121652886
4.756363628
4.504462802
4.954710735
5.099504124
4.532231397
4.801983463
4.853553711
5.131239661
4.109752059
3.691239663
4.726611562
4.700826438
3.330247928
3.149752061
2.887933879
3.108099168
3.24099173
3.332231399
2.79669421
2.879999995
2.25917355
3.284628094
3.435371895
3.697190076
2.965289251
2.913719003
2.816528921
2.745123962
3.363966936
2.951404954
3.076363631
2.846280987
3.479008259
3.276694209
3.05652892
3.79636363
3.756694209
3.355041317
3.227107433
4.135537183
2.69454545
3.179504127
3.189421482
3.940165283
3.102148755
4.169256191
4.07404958
4.253553712
4.553057844
5.119338834
5.409917346
4.372561976
4.206942142
3.13884297
5.122314041
3.235041317
5.048925611
5.153057843
3.799338837
3.616859498
3.901487597
4.565950406
3.988760324
5.002314041
4.386446274
4.854545446
5.433718999
4.906115694
4.668099166
3.715041316
5.565619825
3.616859498
2.841322309
3.03669421
3.041652887
3.261818176
3.933223134
3.993719002
4.066115696
3.569256192
4.094876026
2.982148755
3.911404952
4.255537183
5.864132222
5.671735528
4.536198339
4.156363629
3.919338836
5.515041313
4.845619827
4.92694214
5.519008255
5.910743792
5.877024783
5.008264454
6.197355361
5.459504123
5.12033057
4.076033051
4.179173547
6.022809907
4.282314042
4.197024786
6.549421477
5.257190074
5.757024784
6.031735527
5.451570239
6.560330567
7.20396693
6.253884287
9.505785108
8.838347093
8.581487589
7.062148748
10.17917354
10.06710742
11.11537188
11.05388428
11.23636362
11.26314048
10.31702478
10.48561982
11.47537188
10.30512395
11.48132229
10.84066114
10.3566942
10.63735535
10.20099172
10.2813223
9.795371884
9.061487588
9.631735521
11.08760329
11.03900825
11.5428099
10.7950413
10.55702478
8.417851225
8.722314035
9.117024778
9.032727258
9.761652876
10.10677684
9.958016512
11.64297519
11.46842973
11.8581818
11.29685949
10.32297519
11.50909089
11.25719006
11.74512395
11.22644626
11.23834709
11.01123965
10.87834709
10.95570246
12.6565289
11.26710742
11.861157
12.11107436
12.20727271
12.96099171
12.62876031
13.91603303
14.30479336
13.31900824
13.48066113
13.68991733
14.53884295
15.49983468
15.56231402
14.42082642
15.78545452
15.07834708
15.45619832
14.67471072
16.14148758
15.46809915
15.03471072
15.93123964
14.87008262
16.35966939
15.88561981
15.60991733
13.60958675
14.65685948
14.73520659
15.69421485
15.25785121
14.69553717
14.5457851
14.31272725
16.83074377
16.62743799
16.20595039
16.54809915
16.64925617
16.44396691
15.78247931
17.261157
14.59140493
15.32826444
15.00495865
14.7580165
14.65090907
12.87570246
16.08099171
16.00165287
15.1457851
15.1180165
14.37024791
14.57752064
14.61520659
15.20330576
14.13024791
14.79074378
14.70247931
13.93983469
14.1272727
13.87834708
14.21256196
13.85752064
13.35768593
13.98842973
13.84363634
13.33983469
13.26247932
13.71867766
12.82611568
12.7596694
13.77719006
12.6228099
11.10049585
10.89719006
9.241983456
10.70876031
12.52165287
11.72628097
11.68958676
12.39570246
8.674710729
9.118016514
10.07702478
9.885619818
8.195702466
9.48099172
9.382809902
9.869752049
7.504462797
8.205619821
8.052892548
7.469752054
7.638347095
8.016198334
8.120330565
7.911074367
7.63041321
7.764297508
7.432066103
7.087933872
7.841652879
7.955702466
7.955702466